10
   0   8  20   6  19  10  20  15  18   1
   8   0   2  11  16  15  18  14  20  16
  20   2   0   1  13  20  19  16  20  13
   6  11   1   0  17  18   6  16  18  20
  19  16  13  17   0  19  17  19   4  16
  10  15  20  18  19   0   8   4  10  17
  20  18  19   6  17   8   0  16   4  20
  15  14  16  16  19   4  16   0  12  18
  18  20  20  18   4  10   4  12   0  17
   1  16  13  20  16  17  20  18  17   0

